     #MC step,      Etot,     sig666,   sig655,   sig555,   sig544,   sig533,   sig532,   sig522,   sig521,   sig444,   sig433,   sig422,   sig421,   sig411,   sig400,   sig322,   sig311,   sig300,   sig211,   sig200,   sig100,   sig000
         1,     -140.131165, 0.000000, 0.000000, 0.085427, 0.075377, 0.000000, 0.000000, 0.000000, 0.000000, 0.000000, 0.150754, 0.125628, 0.035176, 0.000000, 0.000000, 0.185930, 0.180905, 0.010050, 0.085427, 0.065327, 0.000000, 0.000000
         2,     -140.101562, 0.000000, 0.000000, 0.071749, 0.076233, 0.000000, 0.000000, 0.000000, 0.000000, 0.000000, 0.134529, 0.134529, 0.035874, 0.008969, 0.000000, 0.206278, 0.165919, 0.017937, 0.076233, 0.067265, 0.004484, 0.000000
         3,     -140.188950, 0.004444, 0.000000, 0.208889, 0.062222, 0.000000, 0.000000, 0.000000, 0.000000, 0.000000, 0.244444, 0.026667, 0.017778, 0.000000, 0.000000, 0.253333, 0.057778, 0.000000, 0.093333, 0.031111, 0.000000, 0.000000
         4,     -140.363754, 0.004348, 0.000000, 0.182609, 0.082609, 0.000000, 0.000000, 0.000000, 0.000000, 0.000000, 0.156522, 0.065217, 0.026087, 0.004348, 0.000000, 0.234783, 0.134783, 0.004348, 0.052174, 0.052174, 0.000000, 0.000000
         5,     -139.797348, 0.000000, 0.000000, 0.054054, 0.103604, 0.000000, 0.000000, 0.000000, 0.000000, 0.000000, 0.135135, 0.126126, 0.117117, 0.000000, 0.000000, 0.144144, 0.117117, 0.000000, 0.153153, 0.045045, 0.004505, 0.000000
         6,     -140.533646, 0.004386, 0.000000, 0.153509, 0.078947, 0.000000, 0.000000, 0.000000, 0.000000, 0.000000, 0.157895, 0.052632, 0.026316, 0.004386, 0.000000, 0.285088, 0.127193, 0.013158, 0.057018, 0.035088, 0.004386, 0.000000
         7,     -139.346710, 0.000000, 0.000000, 0.031579, 0.042105, 0.000000, 0.000000, 0.000000, 0.000000, 0.000000, 0.110526, 0.157895, 0.094737, 0.010526, 0.000000, 0.173684, 0.210526, 0.010526, 0.068421, 0.089474, 0.000000, 0.000000
         8,     -139.815521, 0.000000, 0.000000, 0.067568, 0.076577, 0.000000, 0.000000, 0.000000, 0.000000, 0.000000, 0.148649, 0.058559, 0.076577, 0.009009, 0.000000, 0.238739, 0.171171, 0.027027, 0.063063, 0.054054, 0.009009, 0.000000
         9,     -140.290558, 0.000000, 0.000000, 0.040541, 0.085586, 0.000000, 0.000000, 0.000000, 0.000000, 0.000000, 0.153153, 0.108108, 0.063063, 0.004505, 0.000000, 0.180180, 0.198198, 0.009009, 0.063063, 0.090090, 0.004505, 0.000000
        10,     -140.363754, 0.009756, 0.000000, 0.214634, 0.043902, 0.000000, 0.000000, 0.000000, 0.000000, 0.000000, 0.146341, 0.092683, 0.009756, 0.000000, 0.000000, 0.268293, 0.082927, 0.024390, 0.034146, 0.073171, 0.000000, 0.000000
        11,     -140.388794, 0.000000, 0.000000, 0.049327, 0.053812, 0.000000, 0.000000, 0.000000, 0.000000, 0.000000, 0.121076, 0.112108, 0.103139, 0.000000, 0.000000, 0.192825, 0.215247, 0.017937, 0.026906, 0.103139, 0.004484, 0.000000
        12,     -140.338821, 0.000000, 0.000000, 0.076233, 0.071749, 0.000000, 0.000000, 0.000000, 0.000000, 0.000000, 0.130045, 0.112108, 0.053812, 0.004484, 0.000000, 0.188341, 0.197309, 0.026906, 0.049327, 0.089686, 0.000000, 0.000000
        13,     -140.470062, 0.004348, 0.000000, 0.126087, 0.100000, 0.000000, 0.000000, 0.000000, 0.000000, 0.000000, 0.165217, 0.091304, 0.034783, 0.000000, 0.000000, 0.265217, 0.121739, 0.000000, 0.047826, 0.043478, 0.000000, 0.000000
        14,     -140.221802, 0.000000, 0.000000, 0.045249, 0.063348, 0.000000, 0.000000, 0.000000, 0.000000, 0.000000, 0.104072, 0.117647, 0.076923, 0.009050, 0.000000, 0.180995, 0.230769, 0.018100, 0.036199, 0.113122, 0.004525, 0.000000
        15,     -139.901917, 0.004505, 0.000000, 0.085586, 0.067568, 0.000000, 0.000000, 0.000000, 0.000000, 0.000000, 0.139640, 0.076577, 0.040541, 0.000000, 0.000000, 0.175676, 0.216216, 0.036036, 0.027027, 0.130631, 0.000000, 0.000000
        16,     -139.643051, 0.000000, 0.000000, 0.063348, 0.081448, 0.000000, 0.000000, 0.000000, 0.000000, 0.000000, 0.171946, 0.108597, 0.040724, 0.004525, 0.000000, 0.248869, 0.144796, 0.004525, 0.067873, 0.054299, 0.009050, 0.000000
        17,     -140.457855, 0.000000, 0.000000, 0.166667, 0.065789, 0.000000, 0.000000, 0.000000, 0.000000, 0.000000, 0.118421, 0.127193, 0.013158, 0.008772, 0.000000, 0.236842, 0.131579, 0.017544, 0.048246, 0.065789, 0.000000, 0.000000
        18,     -140.147217, 0.000000, 0.000000, 0.071429, 0.058036, 0.000000, 0.000000, 0.000000, 0.000000, 0.000000, 0.147321, 0.147321, 0.058036, 0.004464, 0.000000, 0.191964, 0.156250, 0.017857, 0.049107, 0.098214, 0.000000, 0.000000
        19,     -140.479187, 0.000000, 0.000000, 0.079646, 0.075221, 0.000000, 0.000000, 0.000000, 0.000000, 0.000000, 0.097345, 0.190265, 0.035398, 0.008850, 0.000000, 0.199115, 0.163717, 0.026549, 0.057522, 0.053097, 0.013274, 0.000000
        20,     -140.477737, 0.000000, 0.000000, 0.075556, 0.080000, 0.000000, 0.000000, 0.000000, 0.000000, 0.000000, 0.102222, 0.164444, 0.035556, 0.004444, 0.000000, 0.213333, 0.186667, 0.004444, 0.057778, 0.071111, 0.004444, 0.000000
        21,     -140.457855, 0.000000, 0.000000, 0.030769, 0.092308, 0.000000, 0.000000, 0.000000, 0.000000, 0.000000, 0.169231, 0.061538, 0.102564, 0.000000, 0.000000, 0.184615, 0.200000, 0.010256, 0.071795, 0.076923, 0.000000, 0.000000
        22,     -140.477661, 0.000000, 0.000000, 0.096916, 0.074890, 0.000000, 0.000000, 0.000000, 0.000000, 0.000000, 0.123348, 0.070485, 0.123348, 0.000000, 0.000000, 0.215859, 0.176211, 0.000000, 0.070485, 0.048458, 0.000000, 0.000000
        23,     -141.805603, 0.000000, 0.000000, 0.099567, 0.000000, 0.000000, 0.000000, 0.000000, 0.000000, 0.000000, 0.000000, 0.367965, 0.012987, 0.000000, 0.000000, 0.238095, 0.225108, 0.021645, 0.012987, 0.021645, 0.000000, 0.000000
        24,     -140.209167, 0.000000, 0.000000, 0.087336, 0.104803, 0.000000, 0.000000, 0.000000, 0.000000, 0.000000, 0.174672, 0.126638, 0.052402, 0.000000, 0.000000, 0.187773, 0.131004, 0.004367, 0.061135, 0.065502, 0.004367, 0.000000
        25,     -140.771790, 0.000000, 0.000000, 0.090090, 0.054054, 0.000000, 0.000000, 0.000000, 0.000000, 0.000000, 0.144144, 0.130631, 0.031532, 0.004505, 0.000000, 0.198198, 0.157658, 0.013514, 0.072072, 0.099099, 0.004505, 0.000000
        26,     -140.676453, 0.000000, 0.000000, 0.053571, 0.044643, 0.000000, 0.000000, 0.000000, 0.000000, 0.000000, 0.084821, 0.223214, 0.075893, 0.004464, 0.000000, 0.196429, 0.196429, 0.004464, 0.062500, 0.053571, 0.000000, 0.000000
        27,     -140.783463, 0.000000, 0.000000, 0.071429, 0.053571, 0.000000, 0.000000, 0.000000, 0.000000, 0.000000, 0.093750, 0.169643, 0.017857, 0.000000, 0.000000, 0.250000, 0.218750, 0.035714, 0.008929, 0.080357, 0.000000, 0.000000
        28,     -140.280807, 0.000000, 0.000000, 0.105727, 0.101322, 0.000000, 0.000000, 0.000000, 0.000000, 0.000000, 0.167401, 0.074890, 0.048458, 0.004405, 0.000000, 0.224670, 0.145374, 0.004405, 0.070485, 0.048458, 0.004405, 0.000000
        29,     -140.515106, 0.000000, 0.000000, 0.102222, 0.066667, 0.000000, 0.000000, 0.000000, 0.000000, 0.000000, 0.160000, 0.084444, 0.031111, 0.004444, 0.000000, 0.244444, 0.160000, 0.008889, 0.044444, 0.093333, 0.000000, 0.000000
        30,     -141.813004, 0.000000, 0.000000, 0.095238, 0.004329, 0.000000, 0.000000, 0.000000, 0.000000, 0.000000, 0.000000, 0.359307, 0.000000, 0.000000, 0.000000, 0.229437, 0.251082, 0.021645, 0.000000, 0.038961, 0.000000, 0.000000
        31,     -140.930313, 0.000000, 0.000000, 0.076233, 0.031390, 0.000000, 0.000000, 0.000000, 0.000000, 0.000000, 0.058296, 0.201794, 0.031390, 0.000000, 0.000000, 0.215247, 0.233184, 0.044843, 0.017937, 0.080717, 0.008969, 0.000000
        32,     -140.206711, 0.000000, 0.000000, 0.085202, 0.067265, 0.000000, 0.000000, 0.000000, 0.000000, 0.000000, 0.152466, 0.121076, 0.017937, 0.008969, 0.000000, 0.197309, 0.156951, 0.035874, 0.053812, 0.098655, 0.004484, 0.000000
        33,     -140.474762, 0.000000, 0.000000, 0.071749, 0.076233, 0.000000, 0.000000, 0.000000, 0.000000, 0.000000, 0.134529, 0.094170, 0.085202, 0.000000, 0.000000, 0.179372, 0.179372, 0.017937, 0.080717, 0.076233, 0.004484, 0.000000
        34,     -140.515106, 0.000000, 0.000000, 0.169312, 0.068783, 0.000000, 0.000000, 0.000000, 0.000000, 0.000000, 0.132275, 0.095238, 0.005291, 0.005291, 0.000000, 0.269841, 0.105820, 0.021164, 0.042328, 0.084656, 0.000000, 0.000000
        35,     -140.338821, 0.000000, 0.000000, 0.138095, 0.066667, 0.000000, 0.000000, 0.000000, 0.000000, 0.000000, 0.147619, 0.061905, 0.028571, 0.009524, 0.000000, 0.266667, 0.152381, 0.014286, 0.038095, 0.066667, 0.004762, 0.004762
        36,     -141.813004, 0.008621, 0.000000, 0.094828, 0.017241, 0.000000, 0.000000, 0.000000, 0.000000, 0.000000, 0.025862, 0.327586, 0.000000, 0.000000, 0.000000, 0.245690, 0.237069, 0.012931, 0.012931, 0.012931, 0.004310, 0.000000
        37,     -141.813004, 0.000000, 0.000000, 0.099567, 0.000000, 0.000000, 0.000000, 0.000000, 0.000000, 0.000000, 0.008658, 0.372294, 0.000000, 0.000000, 0.000000, 0.229437, 0.233766, 0.021645, 0.012987, 0.021645, 0.000000, 0.000000
        38,     -139.818710, 0.000000, 0.000000, 0.084821, 0.084821, 0.000000, 0.000000, 0.000000, 0.000000, 0.000000, 0.174107, 0.053571, 0.062500, 0.000000, 0.000000, 0.232143, 0.187500, 0.000000, 0.053571, 0.066964, 0.000000, 0.000000
        39,     -140.371262, 0.000000, 0.000000, 0.053812, 0.076233, 0.000000, 0.000000, 0.000000, 0.000000, 0.000000, 0.165919, 0.076233, 0.035874, 0.004484, 0.000000, 0.251121, 0.197309, 0.026906, 0.017937, 0.094170, 0.000000, 0.000000
        40,     -140.930313, 0.000000, 0.000000, 0.013575, 0.054299, 0.000000, 0.000000, 0.000000, 0.000000, 0.000000, 0.090498, 0.108597, 0.085973, 0.013575, 0.000000, 0.185520, 0.280543, 0.045249, 0.045249, 0.076923, 0.000000, 0.000000
        41,     -140.088867, 0.004444, 0.000000, 0.146667, 0.071111, 0.000000, 0.000000, 0.000000, 0.000000, 0.000000, 0.195556, 0.057778, 0.000000, 0.004444, 0.000000, 0.244444, 0.115556, 0.026667, 0.044444, 0.088889, 0.000000, 0.000000
        42,     -140.088867, 0.000000, 0.000000, 0.070755, 0.089623, 0.000000, 0.000000, 0.000000, 0.000000, 0.000000, 0.193396, 0.061321, 0.018868, 0.004717, 0.000000, 0.231132, 0.179245, 0.009434, 0.051887, 0.084906, 0.004717, 0.000000
        43,     -139.913330, 0.009009, 0.000000, 0.076577, 0.063063, 0.000000, 0.000000, 0.000000, 0.000000, 0.000000, 0.117117, 0.130631, 0.022523, 0.004505, 0.000000, 0.292793, 0.157658, 0.027027, 0.040541, 0.049550, 0.009009, 0.000000
        44,     -140.723740, 0.013100, 0.000000, 0.139738, 0.056769, 0.000000, 0.000000, 0.000000, 0.000000, 0.000000, 0.139738, 0.100437, 0.043668, 0.008734, 0.000000, 0.257642, 0.126638, 0.008734, 0.048035, 0.052402, 0.004367, 0.000000
        45,     -140.295181, 0.000000, 0.000000, 0.099099, 0.054054, 0.000000, 0.000000, 0.000000, 0.000000, 0.000000, 0.090090, 0.157658, 0.045045, 0.000000, 0.000000, 0.288288, 0.139640, 0.009009, 0.058559, 0.049550, 0.009009, 0.000000
        46,     -141.090134, 0.000000, 0.000000, 0.088106, 0.070485, 0.000000, 0.000000, 0.000000, 0.000000, 0.000000, 0.162996, 0.110132, 0.008811, 0.004405, 0.000000, 0.273128, 0.185022, 0.013216, 0.035242, 0.044053, 0.004405, 0.000000
        47,     -140.088867, 0.000000, 0.000000, 0.121359, 0.072816, 0.000000, 0.000000, 0.000000, 0.000000, 0.000000, 0.194175, 0.038835, 0.029126, 0.009709, 0.000000, 0.233010, 0.145631, 0.000000, 0.063107, 0.082524, 0.009709, 0.000000
        48,     -140.382080, 0.004367, 0.000000, 0.122271, 0.078603, 0.004367, 0.000000, 0.000000, 0.000000, 0.000000, 0.179039, 0.100437, 0.008734, 0.004367, 0.000000, 0.244541, 0.152838, 0.000000, 0.043668, 0.056769, 0.000000, 0.000000
        49,     -140.771790, 0.000000, 0.000000, 0.117371, 0.061033, 0.000000, 0.000000, 0.000000, 0.000000, 0.000000, 0.089202, 0.145540, 0.084507, 0.004695, 0.000000, 0.187793, 0.117371, 0.009390, 0.084507, 0.093897, 0.004695, 0.000000
        50,     -140.475235, 0.000000, 0.000000, 0.084444, 0.075556, 0.000000, 0.000000, 0.000000, 0.000000, 0.000000, 0.200000, 0.075556, 0.031111, 0.004444, 0.000000, 0.222222, 0.160000, 0.017778, 0.040000, 0.080000, 0.008889, 0.000000
        51,     -140.371262, 0.000000, 0.000000, 0.044554, 0.049505, 0.000000, 0.000000, 0.000000, 0.000000, 0.000000, 0.148515, 0.094059, 0.074257, 0.004950, 0.000000, 0.217822, 0.212871, 0.014851, 0.044554, 0.094059, 0.000000, 0.000000
        52,     -140.191376, 0.000000, 0.000000, 0.066667, 0.093333, 0.000000, 0.000000, 0.000000, 0.000000, 0.000000, 0.155556, 0.080000, 0.102222, 0.000000, 0.000000, 0.195556, 0.151111, 0.004444, 0.080000, 0.071111, 0.000000, 0.000000
        53,     -140.295181, 0.000000, 0.000000, 0.071749, 0.080717, 0.000000, 0.000000, 0.000000, 0.000000, 0.000000, 0.165919, 0.103139, 0.026906, 0.000000, 0.000000, 0.201794, 0.161435, 0.031390, 0.040359, 0.116592, 0.000000, 0.000000
        54,     -140.770615, 0.000000, 0.000000, 0.080357, 0.049107, 0.004464, 0.000000, 0.000000, 0.000000, 0.000000, 0.093750, 0.169643, 0.017857, 0.000000, 0.000000, 0.209821, 0.209821, 0.017857, 0.031250, 0.116071, 0.000000, 0.000000
        55,     -140.594360, 0.000000, 0.000000, 0.084821, 0.075893, 0.000000, 0.000000, 0.000000, 0.000000, 0.000000, 0.160714, 0.084821, 0.022321, 0.013393, 0.000000, 0.227679, 0.196429, 0.017857, 0.053571, 0.044643, 0.017857, 0.000000
        56,     -140.295181, 0.000000, 0.000000, 0.050505, 0.080808, 0.000000, 0.000000, 0.000000, 0.000000, 0.000000, 0.146465, 0.085859, 0.101010, 0.015152, 0.000000, 0.186869, 0.146465, 0.005051, 0.106061, 0.070707, 0.005051, 0.000000
        57,     -140.494400, 0.000000, 0.000000, 0.080000, 0.057778, 0.000000, 0.000000, 0.000000, 0.000000, 0.000000, 0.133333, 0.146667, 0.035556, 0.000000, 0.000000, 0.266667, 0.137778, 0.044444, 0.040000, 0.057778, 0.000000, 0.000000
        58,     -139.966034, 0.000000, 0.000000, 0.103604, 0.054054, 0.000000, 0.000000, 0.000000, 0.000000, 0.000000, 0.112613, 0.162162, 0.022523, 0.000000, 0.000000, 0.189189, 0.162162, 0.040541, 0.045045, 0.108108, 0.000000, 0.000000
        59,     -139.966034, 0.000000, 0.000000, 0.131068, 0.092233, 0.000000, 0.000000, 0.000000, 0.000000, 0.000000, 0.165049, 0.038835, 0.043689, 0.004854, 0.000000, 0.300971, 0.106796, 0.009709, 0.077670, 0.019417, 0.009709, 0.000000
        60,     -139.978821, 0.000000, 0.000000, 0.119469, 0.088496, 0.000000, 0.000000, 0.000000, 0.000000, 0.000000, 0.141593, 0.079646, 0.061947, 0.000000, 0.000000, 0.274336, 0.132743, 0.000000, 0.048673, 0.053097, 0.000000, 0.000000
        61,     -141.067719, 0.000000, 0.000000, 0.084444, 0.048889, 0.000000, 0.000000, 0.000000, 0.000000, 0.000000, 0.071111, 0.186667, 0.031111, 0.000000, 0.000000, 0.208889, 0.213333, 0.026667, 0.048889, 0.080000, 0.000000, 0.000000
        62,     -140.769257, 0.000000, 0.000000, 0.080000, 0.066667, 0.000000, 0.000000, 0.000000, 0.000000, 0.000000, 0.084444, 0.160000, 0.013333, 0.017778, 0.000000, 0.217778, 0.208889, 0.026667, 0.017778, 0.102222, 0.004444, 0.000000
        63,     -140.660873, 0.000000, 0.000000, 0.079646, 0.084071, 0.000000, 0.000000, 0.000000, 0.000000, 0.000000, 0.146018, 0.101770, 0.030973, 0.004425, 0.000000, 0.296460, 0.176991, 0.004425, 0.017699, 0.053097, 0.004425, 0.000000
        64,     -140.637115, 0.004444, 0.000000, 0.031111, 0.093333, 0.000000, 0.000000, 0.000000, 0.000000, 0.000000, 0.146667, 0.088889, 0.084444, 0.013333, 0.000000, 0.195556, 0.195556, 0.017778, 0.057778, 0.071111, 0.000000, 0.000000
        65,     -141.405777, 0.000000, 0.000000, 0.013699, 0.000000, 0.000000, 0.000000, 0.000000, 0.000000, 0.000000, 0.000000, 0.205479, 0.269406, 0.000000, 0.000000, 0.054795, 0.228310, 0.000000, 0.123288, 0.091324, 0.013699, 0.000000
        66,     -139.966034, 0.000000, 0.000000, 0.115207, 0.087558, 0.000000, 0.000000, 0.000000, 0.000000, 0.000000, 0.161290, 0.073733, 0.013825, 0.000000, 0.000000, 0.299539, 0.156682, 0.018433, 0.036866, 0.036866, 0.000000, 0.000000
        67,     -140.169739, 0.000000, 0.000000, 0.081081, 0.067568, 0.000000, 0.000000, 0.000000, 0.000000, 0.000000, 0.175676, 0.063063, 0.031532, 0.009009, 0.000000, 0.274775, 0.171171, 0.013514, 0.040541, 0.067568, 0.004505, 0.000000
        68,     -141.405930, 0.000000, 0.000000, 0.013699, 0.000000, 0.000000, 0.000000, 0.000000, 0.000000, 0.000000, 0.000000, 0.205479, 0.269406, 0.000000, 0.000000, 0.054795, 0.228310, 0.000000, 0.123288, 0.091324, 0.013699, 0.000000
        69,     -140.512100, 0.000000, 0.000000, 0.098214, 0.066964, 0.000000, 0.000000, 0.000000, 0.000000, 0.000000, 0.142857, 0.071429, 0.022321, 0.017857, 0.000000, 0.209821, 0.200893, 0.040179, 0.022321, 0.107143, 0.000000, 0.000000
        70,     -140.966721, 0.004505, 0.000000, 0.049550, 0.049550, 0.000000, 0.000000, 0.000000, 0.000000, 0.000000, 0.076577, 0.166667, 0.036036, 0.000000, 0.000000, 0.216216, 0.247748, 0.027027, 0.022523, 0.103604, 0.000000, 0.000000
        71,     -141.405807, 0.000000, 0.000000, 0.013699, 0.000000, 0.000000, 0.000000, 0.000000, 0.000000, 0.000000, 0.000000, 0.205479, 0.269406, 0.000000, 0.000000, 0.054795, 0.228310, 0.000000, 0.123288, 0.091324, 0.013699, 0.000000
        72,     -141.813004, 0.000000, 0.000000, 0.059701, 0.094527, 0.000000, 0.000000, 0.000000, 0.000000, 0.000000, 0.189055, 0.074627, 0.054726, 0.009950, 0.000000, 0.159204, 0.134328, 0.019900, 0.094527, 0.109453, 0.000000, 0.000000
        73,     -141.813004, 0.000000, 0.000000, 0.054299, 0.067873, 0.000000, 0.000000, 0.000000, 0.000000, 0.000000, 0.117647, 0.131222, 0.040724, 0.018100, 0.000000, 0.217195, 0.199095, 0.027149, 0.063348, 0.058824, 0.004525, 0.000000
        74,     -139.547974, 0.013158, 0.000000, 0.228070, 0.070175, 0.000000, 0.000000, 0.000000, 0.000000, 0.000000, 0.210526, 0.017544, 0.013158, 0.000000, 0.000000, 0.289474, 0.057018, 0.000000, 0.065789, 0.035088, 0.000000, 0.000000
        75,     -140.164169, 0.000000, 0.000000, 0.068807, 0.055046, 0.000000, 0.000000, 0.000000, 0.000000, 0.000000, 0.160550, 0.036697, 0.059633, 0.009174, 0.000000, 0.220183, 0.192661, 0.018349, 0.045872, 0.128440, 0.004587, 0.000000
        76,     -141.405807, 0.009346, 0.000000, 0.191589, 0.056075, 0.000000, 0.000000, 0.000000, 0.000000, 0.000000, 0.200935, 0.032710, 0.009346, 0.000000, 0.000000, 0.303738, 0.098131, 0.004673, 0.032710, 0.060748, 0.000000, 0.000000
        77,     -140.317719, 0.000000, 0.000000, 0.127753, 0.070485, 0.000000, 0.000000, 0.000000, 0.000000, 0.000000, 0.158590, 0.110132, 0.026432, 0.000000, 0.000000, 0.242291, 0.105727, 0.039648, 0.039648, 0.074890, 0.004405, 0.000000
        78,     -141.405807, 0.004444, 0.000000, 0.097778, 0.088889, 0.000000, 0.000000, 0.000000, 0.000000, 0.000000, 0.182222, 0.093333, 0.026667, 0.000000, 0.000000, 0.226667, 0.124444, 0.000000, 0.057778, 0.097778, 0.000000, 0.000000
        79,     -140.202530, 0.004444, 0.000000, 0.093333, 0.066667, 0.000000, 0.000000, 0.000000, 0.000000, 0.000000, 0.155556, 0.115556, 0.053333, 0.004444, 0.000000, 0.280000, 0.124444, 0.000000, 0.040000, 0.062222, 0.000000, 0.000000
        80,     -140.966721, 0.004878, 0.000000, 0.175610, 0.082927, 0.000000, 0.000000, 0.000000, 0.000000, 0.000000, 0.180488, 0.082927, 0.009756, 0.000000, 0.000000, 0.258537, 0.058537, 0.000000, 0.092683, 0.053659, 0.000000, 0.000000
        81,     -140.318436, 0.000000, 0.000000, 0.128319, 0.084071, 0.000000, 0.000000, 0.000000, 0.000000, 0.000000, 0.176991, 0.061947, 0.030973, 0.008850, 0.000000, 0.283186, 0.128319, 0.008850, 0.044248, 0.039823, 0.004425, 0.000000
        82,     -140.164642, 0.000000, 0.000000, 0.076577, 0.058559, 0.000000, 0.000000, 0.000000, 0.000000, 0.000000, 0.139640, 0.081081, 0.058559, 0.009009, 0.000000, 0.189189, 0.220721, 0.013514, 0.049550, 0.103604, 0.000000, 0.000000
        83,     -140.966721, 0.000000, 0.000000, 0.031674, 0.058824, 0.000000, 0.000000, 0.000000, 0.000000, 0.000000, 0.095023, 0.076923, 0.104072, 0.027149, 0.000000, 0.226244, 0.244344, 0.018100, 0.054299, 0.063348, 0.000000, 0.000000
        84,     -140.637115, 0.000000, 0.000000, 0.081340, 0.086124, 0.000000, 0.000000, 0.000000, 0.000000, 0.000000, 0.215311, 0.052632, 0.023923, 0.004785, 0.000000, 0.215311, 0.177033, 0.000000, 0.047847, 0.095694, 0.000000, 0.000000
        85,     -141.813004, 0.000000, 0.000000, 0.091743, 0.004587, 0.000000, 0.000000, 0.000000, 0.000000, 0.000000, 0.004587, 0.339450, 0.000000, 0.000000, 0.000000, 0.211009, 0.233945, 0.032110, 0.018349, 0.064220, 0.000000, 0.000000
        86,     -141.405807, 0.000000, 0.000000, 0.009132, 0.013699, 0.000000, 0.000000, 0.000000, 0.000000, 0.000000, 0.013699, 0.168950, 0.205479, 0.018265, 0.000000, 0.100457, 0.223744, 0.036530, 0.118721, 0.082192, 0.009132, 0.000000
        87,     -140.952637, 0.004464, 0.000000, 0.044643, 0.071429, 0.000000, 0.000000, 0.000000, 0.000000, 0.000000, 0.107143, 0.138393, 0.053571, 0.004464, 0.000000, 0.227679, 0.223214, 0.017857, 0.031250, 0.075893, 0.000000, 0.000000
        88,     -141.658752, 0.008621, 0.000000, 0.090517, 0.021552, 0.000000, 0.000000, 0.000000, 0.000000, 0.000000, 0.025862, 0.318966, 0.008621, 0.000000, 0.000000, 0.237069, 0.219828, 0.021552, 0.025862, 0.021552, 0.000000, 0.000000
        89,     -140.502426, 0.000000, 0.000000, 0.022523, 0.058559, 0.000000, 0.000000, 0.000000, 0.000000, 0.000000, 0.099099, 0.171171, 0.090090, 0.004505, 0.000000, 0.193694, 0.225225, 0.000000, 0.054054, 0.081081, 0.000000, 0.000000
        90,     -140.432602, 0.000000, 0.000000, 0.035874, 0.085202, 0.000000, 0.000000, 0.000000, 0.000000, 0.000000, 0.112108, 0.143498, 0.071749, 0.004484, 0.000000, 0.152466, 0.215247, 0.008969, 0.071749, 0.098655, 0.000000, 0.000000
        91,     -140.432602, 0.000000, 0.000000, 0.206186, 0.061856, 0.000000, 0.000000, 0.000000, 0.000000, 0.000000, 0.185567, 0.046392, 0.020619, 0.000000, 0.000000, 0.298969, 0.051546, 0.020619, 0.072165, 0.036082, 0.000000, 0.000000
        92,     -141.405807, 0.000000, 0.000000, 0.000000, 0.004608, 0.000000, 0.000000, 0.000000, 0.000000, 0.000000, 0.013825, 0.119816, 0.294931, 0.004608, 0.000000, 0.046083, 0.294931, 0.004608, 0.101382, 0.110599, 0.004608, 0.000000
        93,     -140.318436, 0.004566, 0.000000, 0.114155, 0.073059, 0.000000, 0.000000, 0.000000, 0.000000, 0.000000, 0.091324, 0.155251, 0.031963, 0.009132, 0.000000, 0.242009, 0.118721, 0.018265, 0.068493, 0.073059, 0.000000, 0.000000
        94,     -141.813004, 0.004425, 0.000000, 0.084071, 0.084071, 0.000000, 0.000000, 0.000000, 0.000000, 0.000000, 0.168142, 0.101770, 0.048673, 0.008850, 0.000000, 0.216814, 0.150442, 0.013274, 0.048673, 0.070796, 0.000000, 0.000000
        95,     -141.405807, 0.000000, 0.000000, 0.162304, 0.083770, 0.000000, 0.000000, 0.000000, 0.000000, 0.000000, 0.183246, 0.062827, 0.010471, 0.000000, 0.000000, 0.235602, 0.073298, 0.005236, 0.094241, 0.089005, 0.000000, 0.000000
        96,     -141.764938, 0.004310, 0.000000, 0.099138, 0.025862, 0.000000, 0.000000, 0.000000, 0.000000, 0.000000, 0.025862, 0.314655, 0.017241, 0.000000, 0.000000, 0.237069, 0.228448, 0.008621, 0.025862, 0.012931, 0.000000, 0.000000
        97,     -140.850433, 0.000000, 0.000000, 0.018100, 0.045249, 0.000000, 0.000000, 0.000000, 0.000000, 0.000000, 0.076923, 0.162896, 0.158371, 0.000000, 0.000000, 0.108597, 0.226244, 0.018100, 0.095023, 0.090498, 0.000000, 0.000000
        98,     -141.658752, 0.000000, 0.000000, 0.022831, 0.045662, 0.000000, 0.000000, 0.000000, 0.000000, 0.000000, 0.068493, 0.219178, 0.118721, 0.004566, 0.000000, 0.132420, 0.178082, 0.004566, 0.100457, 0.105023, 0.000000, 0.000000
        99,     -140.724731, 0.000000, 0.000000, 0.135371, 0.087336, 0.000000, 0.000000, 0.000000, 0.000000, 0.000000, 0.179039, 0.078603, 0.017467, 0.004367, 0.000000, 0.248908, 0.131004, 0.008734, 0.048035, 0.061135, 0.000000, 0.000000
       100,     -140.338959, 0.000000, 0.000000, 0.089686, 0.049327, 0.000000, 0.000000, 0.000000, 0.000000, 0.000000, 0.098655, 0.183857, 0.026906, 0.004484, 0.000000, 0.219731, 0.156951, 0.035874, 0.053812, 0.080717, 0.000000, 0.000000
       101,     -140.865936, 0.000000, 0.000000, 0.053812, 0.067265, 0.000000, 0.000000, 0.000000, 0.000000, 0.004484, 0.098655, 0.121076, 0.035874, 0.004484, 0.000000, 0.215247, 0.251121, 0.031390, 0.031390, 0.085202, 0.000000, 0.000000
       102,     -141.805557, 0.000000, 0.000000, 0.099567, 0.000000, 0.000000, 0.000000, 0.000000, 0.000000, 0.000000, 0.000000, 0.367965, 0.012987, 0.000000, 0.000000, 0.238095, 0.225108, 0.021645, 0.012987, 0.021645, 0.000000, 0.000000
       103,     -142.351440, 0.000000, 0.000000, 0.102564, 0.000000, 0.000000, 0.000000, 0.000000, 0.000000, 0.000000, 0.000000, 0.384615, 0.000000, 0.000000, 0.000000, 0.256410, 0.256410, 0.000000, 0.000000, 0.000000, 0.000000, 0.000000
       104,     -140.052246, 0.000000, 0.000000, 0.077273, 0.077273, 0.000000, 0.000000, 0.000000, 0.000000, 0.000000, 0.150000, 0.077273, 0.045455, 0.004545, 0.000000, 0.190909, 0.168182, 0.013636, 0.100000, 0.086364, 0.009091, 0.000000
       105,     -140.493698, 0.004386, 0.000000, 0.118421, 0.092105, 0.000000, 0.000000, 0.000000, 0.000000, 0.000000, 0.144737, 0.087719, 0.043860, 0.000000, 0.000000, 0.254386, 0.127193, 0.026316, 0.048246, 0.048246, 0.004386, 0.000000
       106,     -140.637115, 0.000000, 0.000000, 0.063348, 0.076923, 0.000000, 0.000000, 0.000000, 0.000000, 0.000000, 0.099548, 0.167421, 0.049774, 0.009050, 0.000000, 0.199095, 0.144796, 0.018100, 0.072398, 0.099548, 0.000000, 0.000000
       107,     -140.648056, 0.000000, 0.000000, 0.104803, 0.096070, 0.000000, 0.008734, 0.000000, 0.000000, 0.000000, 0.161572, 0.065502, 0.056769, 0.004367, 0.000000, 0.205240, 0.174672, 0.004367, 0.052402, 0.065502, 0.000000, 0.000000
       108,     -141.405807, 0.000000, 0.000000, 0.013699, 0.000000, 0.000000, 0.000000, 0.000000, 0.000000, 0.000000, 0.000000, 0.205479, 0.269406, 0.000000, 0.000000, 0.054795, 0.228310, 0.000000, 0.123288, 0.091324, 0.013699, 0.000000
       109,     -139.745850, 0.000000, 0.000000, 0.023148, 0.041667, 0.000000, 0.000000, 0.000000, 0.000000, 0.000000, 0.087963, 0.129630, 0.171296, 0.004630, 0.000000, 0.134259, 0.185185, 0.013889, 0.115741, 0.083333, 0.009259, 0.000000
       110,     -139.857224, 0.000000, 0.000000, 0.013699, 0.077626, 0.000000, 0.000000, 0.000000, 0.000000, 0.000000, 0.155251, 0.077626, 0.095890, 0.009132, 0.000000, 0.187215, 0.214612, 0.004566, 0.073059, 0.077626, 0.013699, 0.000000
       111,     -141.405807, 0.000000, 0.000000, 0.085427, 0.085427, 0.000000, 0.000000, 0.000000, 0.000000, 0.000000, 0.165829, 0.075377, 0.070352, 0.000000, 0.000000, 0.206030, 0.155779, 0.000000, 0.075377, 0.080402, 0.000000, 0.000000
       112,     -140.637268, 0.000000, 0.000000, 0.049327, 0.049327, 0.000000, 0.000000, 0.000000, 0.000000, 0.000000, 0.121076, 0.125561, 0.053812, 0.008969, 0.000000, 0.219731, 0.246637, 0.008969, 0.022422, 0.094170, 0.000000, 0.000000
       113,     -140.648056, 0.015464, 0.000000, 0.206186, 0.056701, 0.000000, 0.000000, 0.000000, 0.000000, 0.000000, 0.201031, 0.041237, 0.005155, 0.005155, 0.000000, 0.319588, 0.061856, 0.005155, 0.061856, 0.020619, 0.000000, 0.000000
       114,     -140.066040, 0.000000, 0.000000, 0.117117, 0.067568, 0.000000, 0.000000, 0.000000, 0.000000, 0.000000, 0.157658, 0.076577, 0.004505, 0.004505, 0.000000, 0.265766, 0.112613, 0.058559, 0.049550, 0.081081, 0.004505, 0.000000
       115,     -140.637268, 0.000000, 0.000000, 0.120000, 0.080000, 0.000000, 0.000000, 0.000000, 0.000000, 0.000000, 0.100000, 0.135000, 0.020000, 0.000000, 0.000000, 0.265000, 0.130000, 0.020000, 0.030000, 0.100000, 0.000000, 0.000000
       116,     -142.351440, 0.004425, 0.000000, 0.088496, 0.030973, 0.000000, 0.000000, 0.000000, 0.000000, 0.000000, 0.088496, 0.234513, 0.000000, 0.000000, 0.000000, 0.274336, 0.221239, 0.000000, 0.026549, 0.030973, 0.000000, 0.000000
       117,     -141.405807, 0.000000, 0.000000, 0.036199, 0.045249, 0.000000, 0.000000, 0.000000, 0.000000, 0.000000, 0.126697, 0.095023, 0.090498, 0.004525, 0.000000, 0.190045, 0.271493, 0.013575, 0.049774, 0.076923, 0.000000, 0.000000
       118,     -141.805252, 0.000000, 0.000000, 0.095238, 0.004329, 0.000000, 0.000000, 0.000000, 0.000000, 0.000000, 0.000000, 0.359307, 0.000000, 0.000000, 0.000000, 0.229437, 0.251082, 0.021645, 0.000000, 0.038961, 0.000000, 0.000000
       119,     -141.827911, 0.000000, 0.000000, 0.095238, 0.004329, 0.000000, 0.000000, 0.000000, 0.000000, 0.000000, 0.000000, 0.359307, 0.000000, 0.000000, 0.000000, 0.229437, 0.251082, 0.021645, 0.000000, 0.038961, 0.000000, 0.000000
       120,     -140.806656, 0.008621, 0.000000, 0.150862, 0.077586, 0.000000, 0.000000, 0.000000, 0.000000, 0.000000, 0.185345, 0.068966, 0.030172, 0.000000, 0.000000, 0.267241, 0.155172, 0.000000, 0.025862, 0.030172, 0.000000, 0.000000
       121,     -140.657623, 0.000000, 0.000000, 0.109170, 0.109170, 0.000000, 0.000000, 0.000000, 0.000000, 0.000000, 0.161572, 0.096070, 0.030568, 0.008734, 0.000000, 0.266376, 0.122271, 0.008734, 0.052402, 0.030568, 0.004367, 0.000000
       122,     -140.850433, 0.008929, 0.000000, 0.062500, 0.049107, 0.000000, 0.000000, 0.000000, 0.000000, 0.000000, 0.089286, 0.174107, 0.040179, 0.000000, 0.000000, 0.272321, 0.200893, 0.017857, 0.031250, 0.053571, 0.000000, 0.000000
       123,     -141.405807, 0.000000, 0.000000, 0.013699, 0.022831, 0.000000, 0.000000, 0.000000, 0.000000, 0.000000, 0.041096, 0.219178, 0.173516, 0.013699, 0.000000, 0.095890, 0.168950, 0.018265, 0.118721, 0.100457, 0.013699, 0.000000
       124,     -140.657623, 0.004425, 0.000000, 0.176991, 0.070796, 0.000000, 0.000000, 0.000000, 0.000000, 0.000000, 0.176991, 0.084071, 0.022124, 0.000000, 0.000000, 0.296460, 0.088496, 0.004425, 0.035398, 0.039823, 0.000000, 0.000000
       125,     -140.722626, 0.000000, 0.000000, 0.103604, 0.040541, 0.000000, 0.000000, 0.000000, 0.000000, 0.000000, 0.090090, 0.130631, 0.018018, 0.004505, 0.000000, 0.238739, 0.175676, 0.072072, 0.040541, 0.072072, 0.013514, 0.000000
       126,     -140.201553, 0.000000, 0.000000, 0.089286, 0.071429, 0.000000, 0.000000, 0.000000, 0.000000, 0.000000, 0.174107, 0.111607, 0.040179, 0.004464, 0.000000, 0.232143, 0.165179, 0.000000, 0.058036, 0.049107, 0.004464, 0.000000
       127,     -140.722626, 0.000000, 0.000000, 0.159817, 0.082192, 0.000000, 0.000000, 0.000000, 0.000000, 0.000000, 0.200913, 0.027397, 0.022831, 0.004566, 0.000000, 0.251142, 0.141553, 0.000000, 0.041096, 0.068493, 0.000000, 0.000000
       128,     -141.055511, 0.000000, 0.000000, 0.018265, 0.009132, 0.000000, 0.000000, 0.000000, 0.000000, 0.000000, 0.036530, 0.214612, 0.164384, 0.004566, 0.000000, 0.100457, 0.232877, 0.022831, 0.100457, 0.091324, 0.004566, 0.000000
       129,     -140.685242, 0.004329, 0.000000, 0.173160, 0.099567, 0.000000, 0.000000, 0.000000, 0.000000, 0.000000, 0.194805, 0.056277, 0.004329, 0.000000, 0.000000, 0.298701, 0.077922, 0.004329, 0.056277, 0.030303, 0.000000, 0.000000
       130,     -140.729630, 0.000000, 0.000000, 0.062780, 0.053812, 0.000000, 0.000000, 0.000000, 0.000000, 0.000000, 0.121076, 0.116592, 0.116592, 0.004484, 0.000000, 0.147982, 0.165919, 0.026906, 0.085202, 0.094170, 0.004484, 0.000000
       131,     -141.083923, 0.000000, 0.000000, 0.066372, 0.075221, 0.000000, 0.000000, 0.000000, 0.000000, 0.000000, 0.176991, 0.088496, 0.048673, 0.008850, 0.000000, 0.221239, 0.190265, 0.013274, 0.044248, 0.061947, 0.004425, 0.000000
       132,     -141.827911, 0.000000, 0.000000, 0.092511, 0.092511, 0.000000, 0.000000, 0.000000, 0.000000, 0.000000, 0.171806, 0.132159, 0.030837, 0.004405, 0.000000, 0.251101, 0.114537, 0.000000, 0.057269, 0.048458, 0.004405, 0.000000
       133,     -140.982834, 0.000000, 0.000000, 0.018349, 0.009174, 0.000000, 0.000000, 0.000000, 0.000000, 0.000000, 0.027523, 0.252294, 0.201835, 0.000000, 0.000000, 0.068807, 0.165138, 0.000000, 0.146789, 0.091743, 0.018349, 0.000000
       134,     -140.425110, 0.000000, 0.000000, 0.140969, 0.083700, 0.000000, 0.000000, 0.000000, 0.000000, 0.000000, 0.127753, 0.110132, 0.026432, 0.008811, 0.000000, 0.224670, 0.154185, 0.008811, 0.044053, 0.070485, 0.000000, 0.000000
       135,     -140.378677, 0.000000, 0.000000, 0.027778, 0.027778, 0.000000, 0.000000, 0.000000, 0.000000, 0.000000, 0.106481, 0.074074, 0.037037, 0.018519, 0.000000, 0.199074, 0.305556, 0.032407, 0.013889, 0.148148, 0.009259, 0.000000
       136,     -141.270355, 0.000000, 0.000000, 0.039823, 0.066372, 0.000000, 0.000000, 0.000000, 0.000000, 0.000000, 0.163717, 0.110619, 0.066372, 0.013274, 0.000000, 0.212389, 0.207965, 0.008850, 0.035398, 0.070796, 0.004425, 0.000000
       137,     -141.269760, 0.000000, 0.000000, 0.039823, 0.066372, 0.000000, 0.000000, 0.000000, 0.000000, 0.000000, 0.163717, 0.110619, 0.066372, 0.013274, 0.000000, 0.212389, 0.207965, 0.008850, 0.035398, 0.070796, 0.004425, 0.000000
       138,     -140.854599, 0.000000, 0.000000, 0.036364, 0.036364, 0.000000, 0.000000, 0.000000, 0.000000, 0.000000, 0.081818, 0.127273, 0.136364, 0.000000, 0.000000, 0.127273, 0.227273, 0.027273, 0.081818, 0.113636, 0.004545, 0.000000
       139,     -140.557983, 0.000000, 0.000000, 0.119469, 0.075221, 0.000000, 0.000000, 0.000000, 0.000000, 0.000000, 0.190265, 0.066372, 0.017699, 0.000000, 0.000000, 0.309735, 0.150442, 0.004425, 0.035398, 0.030973, 0.000000, 0.000000
       140,     -141.267838, 0.000000, 0.000000, 0.039648, 0.070485, 0.000000, 0.000000, 0.000000, 0.000000, 0.000000, 0.167401, 0.105727, 0.070485, 0.008811, 0.000000, 0.220264, 0.215859, 0.004405, 0.035242, 0.061674, 0.000000, 0.000000
       141,     -140.419632, 0.004329, 0.000000, 0.160173, 0.099567, 0.000000, 0.000000, 0.000000, 0.000000, 0.000000, 0.173160, 0.064935, 0.008658, 0.008658, 0.000000, 0.268398, 0.099567, 0.025974, 0.034632, 0.051948, 0.000000, 0.000000
       142,     -141.055511, 0.000000, 0.000000, 0.070796, 0.048673, 0.000000, 0.000000, 0.000000, 0.000000, 0.000000, 0.066372, 0.238938, 0.022124, 0.000000, 0.000000, 0.203540, 0.203540, 0.035398, 0.030973, 0.075221, 0.004425, 0.000000
       143,     -141.775101, 0.000000, 0.000000, 0.099567, 0.000000, 0.000000, 0.000000, 0.000000, 0.000000, 0.000000, 0.008658, 0.372294, 0.000000, 0.000000, 0.000000, 0.229437, 0.233766, 0.021645, 0.012987, 0.021645, 0.000000, 0.000000
       144,     -140.982574, 0.000000, 0.000000, 0.018349, 0.009174, 0.000000, 0.000000, 0.000000, 0.000000, 0.000000, 0.027523, 0.252294, 0.201835, 0.000000, 0.000000, 0.068807, 0.165138, 0.000000, 0.146789, 0.091743, 0.018349, 0.000000
       145,     -141.804550, 0.000000, 0.000000, 0.095238, 0.004329, 0.000000, 0.000000, 0.000000, 0.000000, 0.000000, 0.000000, 0.359307, 0.000000, 0.000000, 0.000000, 0.229437, 0.251082, 0.021645, 0.000000, 0.038961, 0.000000, 0.000000
       146,     -140.836166, 0.000000, 0.000000, 0.013575, 0.036199, 0.000000, 0.000000, 0.000000, 0.000000, 0.000000, 0.058824, 0.108597, 0.239819, 0.004525, 0.000000, 0.113122, 0.235294, 0.004525, 0.104072, 0.081448, 0.000000, 0.000000
       147,     -140.836166, 0.000000, 0.000000, 0.076923, 0.076923, 0.000000, 0.000000, 0.000000, 0.000000, 0.000000, 0.158371, 0.095023, 0.027149, 0.009050, 0.000000, 0.248869, 0.158371, 0.027149, 0.040724, 0.081448, 0.000000, 0.000000
       148,     -141.255386, 0.000000, 0.000000, 0.035088, 0.083333, 0.000000, 0.000000, 0.000000, 0.000000, 0.000000, 0.149123, 0.122807, 0.083333, 0.004386, 0.000000, 0.232456, 0.206140, 0.004386, 0.035088, 0.039474, 0.004386, 0.000000
       149,     -140.854599, 0.000000, 0.000000, 0.106977, 0.069767, 0.000000, 0.000000, 0.000000, 0.000000, 0.000000, 0.213953, 0.088372, 0.027907, 0.004651, 0.000000, 0.246512, 0.111628, 0.000000, 0.074419, 0.055814, 0.000000, 0.000000
       150,     -140.623108, 0.000000, 0.000000, 0.045249, 0.058824, 0.000000, 0.000000, 0.000000, 0.000000, 0.000000, 0.072398, 0.108597, 0.099548, 0.013575, 0.000000, 0.199095, 0.230769, 0.022624, 0.054299, 0.095023, 0.000000, 0.000000
       151,     -140.405609, 0.000000, 0.000000, 0.171806, 0.079295, 0.000000, 0.000000, 0.000000, 0.000000, 0.000000, 0.167401, 0.079295, 0.013216, 0.000000, 0.000000, 0.273128, 0.088106, 0.008811, 0.066079, 0.044053, 0.008811, 0.000000
       152,     -141.775101, 0.000000, 0.000000, 0.089286, 0.044643, 0.000000, 0.000000, 0.000000, 0.000000, 0.000000, 0.058036, 0.272321, 0.022321, 0.000000, 0.000000, 0.223214, 0.187500, 0.017857, 0.040179, 0.044643, 0.000000, 0.000000
       153,     -141.255386, 0.004444, 0.000000, 0.088889, 0.088889, 0.000000, 0.000000, 0.000000, 0.000000, 0.000000, 0.177778, 0.088889, 0.044444, 0.000000, 0.000000, 0.204444, 0.137778, 0.017778, 0.066667, 0.080000, 0.000000, 0.000000
       154,     -141.055130, 0.000000, 0.000000, 0.018265, 0.009132, 0.000000, 0.000000, 0.000000, 0.000000, 0.000000, 0.036530, 0.214612, 0.164384, 0.004566, 0.000000, 0.100457, 0.232877, 0.022831, 0.100457, 0.091324, 0.004566, 0.000000
       155,     -139.881012, 0.000000, 0.000000, 0.146667, 0.071111, 0.000000, 0.000000, 0.000000, 0.000000, 0.000000, 0.186667, 0.088889, 0.017778, 0.000000, 0.000000, 0.244444, 0.111111, 0.017778, 0.062222, 0.053333, 0.000000, 0.000000
       156,     -140.828018, 0.000000, 0.000000, 0.079646, 0.061947, 0.000000, 0.000000, 0.000000, 0.000000, 0.000000, 0.146018, 0.119469, 0.044248, 0.004425, 0.000000, 0.238938, 0.194690, 0.004425, 0.035398, 0.070796, 0.000000, 0.000000
       157,     -140.655365, 0.000000, 0.000000, 0.040724, 0.049774, 0.000000, 0.000000, 0.000000, 0.000000, 0.000000, 0.090498, 0.185520, 0.076923, 0.004525, 0.000000, 0.190045, 0.162896, 0.022624, 0.099548, 0.067873, 0.009050, 0.000000
       158,     -141.644821, 0.008584, 0.000000, 0.103004, 0.025751, 0.000000, 0.000000, 0.000000, 0.000000, 0.000000, 0.030043, 0.300429, 0.017167, 0.000000, 0.000000, 0.244635, 0.210300, 0.021459, 0.017167, 0.021459, 0.000000, 0.000000
       159,     -140.590424, 0.000000, 0.000000, 0.192140, 0.074236, 0.000000, 0.000000, 0.000000, 0.000000, 0.000000, 0.144105, 0.096070, 0.008734, 0.004367, 0.000000, 0.292576, 0.078603, 0.013100, 0.052402, 0.034934, 0.008734, 0.000000
       160,     -140.425110, 0.000000, 0.000000, 0.068063, 0.031414, 0.000000, 0.000000, 0.000000, 0.000000, 0.000000, 0.083770, 0.251309, 0.010471, 0.000000, 0.000000, 0.214660, 0.198953, 0.005236, 0.047120, 0.089005, 0.000000, 0.000000
       161,     -140.702454, 0.000000, 0.000000, 0.066667, 0.066667, 0.000000, 0.000000, 0.000000, 0.000000, 0.000000, 0.102222, 0.200000, 0.035556, 0.004444, 0.000000, 0.208889, 0.155556, 0.031111, 0.044444, 0.084444, 0.000000, 0.000000
       162,     -141.055130, 0.000000, 0.000000, 0.058201, 0.052910, 0.000000, 0.000000, 0.000000, 0.000000, 0.000000, 0.190476, 0.089947, 0.052910, 0.005291, 0.000000, 0.206349, 0.164021, 0.031746, 0.058201, 0.089947, 0.000000, 0.000000
       163,     -140.623108, 0.000000, 0.000000, 0.048544, 0.058252, 0.000000, 0.000000, 0.000000, 0.000000, 0.000000, 0.155340, 0.116505, 0.014563, 0.004854, 0.000000, 0.189320, 0.179612, 0.053398, 0.067961, 0.106796, 0.004854, 0.000000
       164,     -140.828842, 0.000000, 0.000000, 0.063063, 0.022523, 0.000000, 0.000000, 0.000000, 0.000000, 0.000000, 0.085586, 0.225225, 0.036036, 0.004505, 0.000000, 0.193694, 0.175676, 0.040541, 0.031532, 0.117117, 0.004505, 0.000000
       165,     -140.478531, 0.000000, 0.000000, 0.071111, 0.088889, 0.000000, 0.000000, 0.000000, 0.000000, 0.000000, 0.191111, 0.048889, 0.088889, 0.000000, 0.000000, 0.186667, 0.182222, 0.000000, 0.071111, 0.071111, 0.000000, 0.000000
       166,     -141.775101, 0.008621, 0.000000, 0.094828, 0.017241, 0.000000, 0.000000, 0.000000, 0.000000, 0.000000, 0.025862, 0.327586, 0.000000, 0.000000, 0.000000, 0.245690, 0.232759, 0.012931, 0.017241, 0.017241, 0.000000, 0.000000
       167,     -140.425110, 0.000000, 0.000000, 0.044776, 0.069652, 0.000000, 0.000000, 0.000000, 0.000000, 0.000000, 0.169154, 0.074627, 0.034826, 0.004975, 0.000000, 0.169154, 0.203980, 0.029851, 0.074627, 0.124378, 0.000000, 0.000000
